aucs_df:
      1e-09     1e-08     1e-07     1e-06     1e-05    0.0001     0.001      0.01       0.1         1        10
0  0.650446  0.653922  0.668868  0.719847  0.755069  0.766655  0.762600  0.764801  0.765496  0.776040  0.794578
1  0.670996  0.673846  0.675325  0.701721  0.731179  0.733397  0.735931  0.732974  0.729596  0.731074  0.727378
2  0.655446  0.659697  0.664637  0.681985  0.704159  0.711167  0.713120  0.718061  0.718405  0.719899  0.728401
3  0.678374  0.681558  0.683256  0.683256  0.722199  0.728459  0.731749  0.737267  0.740556  0.741299  0.743315
4  0.704171  0.705830  0.704060  0.701516  0.718553  0.718110  0.723199  0.733046  0.737139  0.735922  0.748423
5  0.712169  0.716372  0.722362  0.753153  0.772699  0.774905  0.776482  0.783102  0.787831  0.793190  0.797184
6  0.620460  0.620588  0.624438  0.672699  0.717109  0.726736  0.728533  0.730587  0.732384  0.734180  0.735721
7  0.665000  0.666071  0.667262  0.681071  0.702619  0.707619  0.712262  0.715238  0.723214  0.723690  0.721667
8  0.716766  0.718750  0.721478  0.742187  0.775050  0.781498  0.783606  0.788070  0.786582  0.790799  0.787698
9  0.643854  0.645515  0.658029  0.692580  0.740310  0.746069  0.750720  0.755814  0.755039  0.759025  0.767553
aucs_mean:
1e-09     0.671768
1e-08     0.674215
1e-07     0.678972
1e-06     0.703002
1e-05     0.733895
0.0001    0.739462
0.001     0.741820
0.01      0.745896
0.1       0.747624
1         0.750512
10        0.755192
dtype: float64
